barcode;amount 
48195867349;3
31685751833;5
78778135920;10
97401573093;13
44052912346;7
90510227427;9
58892193474;1
10591847069;18
89012159942;11
63819360901;10
86155092853;9
64718572908;9
91478316416;3
55624870755;10
31928707586;19
25751056281;3
12429871019;6
44634808465;15
92313908410;14
16782960800;10
87546923093;11
95981799201;14
42075749327;17
68378792986;6
66439973565;4
84564017552;11
99258643933;2
39651008714;10
57442350118;3
89446504640;1
12373221928;5
99037978779;3
60038075490;7
77878789764;6
59432225230;10
93421294987;6
93970728278;19
42514106774;18
44297229120;9
64170756061;10
21180266210;2
22266509503;14
80714109262;20
55150032702;13
57015295086;3
49904213833;8
21986469301;7
43713409339;10
44848942163;3
17675942863;8
79245647938;18
42075749327;17
66522374708;2
49256462203;1
63985939736;18
86015722108;19
99035181014;7
29491189313;4
68604322995;3
48168922869;13
79205756095;6
62834287888;10
72174123016;2
94518200175;5
55054465503;7
26422308770;12
80787169148;2
26249925105;4
19806218304;3
63525234454;3
64572038382;10
70366784809;11
75568516076;8
86457669877;10
67474055529;8
60331200533;8
67347561409;21
86439881062;9
85986865665;4
93680433213;3
65690412488;12
29491189313;4
14033308034;3
71193673814;6
22822092850;11
29092181368;9
79542935371;7
81034332302;9
52219822998;5
55700891340;3
88776201237;12
11595422999;8
91433001332;17
94750386764;3
89446589850;9
81279145481;14
19090376459;7
71131395632;10
70433278304;5
62967005013;10
59636030891;14
11056915800;3
57846399354;18
92069272405;7
45163075642;6
71320882808;2
31523689940;15
39569827068;10
55549049886;7
36487300281;17
66385382456;7
91420578236;3
68894332385;7
56822188537;9
93561569913;6
23587051543;1
54578295291;12
94604333572;8
47465179230;13
88164837998;6
75862695198;12
79205756095;6
66545921160;24
78667719445;11
34366911555;6
44471149041;12
47591205780;20
42414069078;12
41624334675;18
12241698190;9
61858306408;9
41695336166;18
66364527925;4
85819386954;11
76525421950;10
34496362560;4
29301776884;3
25360778550;1
36314732158;13
54469694143;8
82187642713;10
95054068645;9
97827943964;15
25713464655;9
24071057671;2
35267564916;2
83999906281;6
23609657808;13
74216192742;4
68388963757;4
95007155832;9
30293507239;7
42881676401;17
14327109886;8
84046408607;9
65766881594;24
23921305232;5
25926186729;7
43517876517;7
33470792748;5
42430399636;12
14892873434;5
66593581423;7
69727737245;1
73591252732;1
20541059595;14
28414340659;2
92494577724;8
61905167697;5
38819034559;12
95911709038;15
68572493293;3
24154850894;7
57106484903;9
96075031427;5
40563085708;9
37816384138;9
16745654801;5
14536438848;15
71855582795;6
62974550972;7
75243734766;1
61509946819;1
76468807075;3
96409835232;13
68303302736;19
50835873304;4
41612004899;11
28952727659;7
98478047504;2
72674184209;7
75550157252;10
65225606246;9
39591874492;5
67157084572;20
57846399354;18
63839799552;4
91601336496;13
74715714253;16
82615737856;6
80295899323;2
11314477547;4
85690678454;12
93081453007;13
39783150523;14
30459475915;3
23649157038;9
20812731555;3
88947272263;3
93206688551;4
89968249947;12
78988775199;2
59146861686;11
45293793091;10
29948017865;12
59240390121;9
74456399122;9
83174121124;10
14153379267;7
17030466567;3
64848830792;6
68572746704;9
69469425228;2
78618764965;8
28110313327;10
51078354965;17
19683027589;2
41233341074;9
80757832943;4
48361005936;9
27738107131;13
65070756696;13
59020944808;3
16362615737;6
75098657759;11
62333390421;13
86741031933;10
49292234645;7
41767761095;9
23032790051;8
29968857988;18
12193189607;2
21515857551;4
60056240211;7
98358414673;8
90530328146;6
16649369492;9
71971444871;2
71447330342;9
13567942298;5
13506935826;9
74605522683;10
94196881473;21
20709274701;8
67871027179;17
22495809106;20
43635290508;9
74682673318;15
82431552812;7
38886242284;6
41392173486;10
90757782167;9
78038899067;9
87717608991;4
89884370430;4
33376378446;8
21544730236;4
76722869726;10
65557643812;7
25351947671;6
79492959382;4
79357966578;2
96574588830;6
54240901669;6
34308039275;4
61725523812;6
92435563281;20
45013305050;3
27212227292;8
78908848542;8
64587712668;12
93629376148;9
93868087173;7
71352078145;14
49657807958;5
55457675636;19
14692367451;9
21872339837;16
27243226475;6
97564875374;17
89775443699;9
70415828378;2
22752535977;8
95920146701;3
97187492641;5
44361793082;10
76406140629;10
13616793291;12
41431124319;19
44770448343;2
56119611928;6
50000398936;3
48543740989;11
76578201816;12
71146254202;18
40367785014;19
87945380656;15
74317820456;2
27746283764;4
26030610508;8
82462593519;1
59659117884;1
85212488407;13
38065747044;4
22822092850;11
42686934527;2
64195365029;7
85690678454;12
53433685991;7
26729173403;17
52477650054;3
91157944737;14
44537155162;6
74351159483;9
95834220547;2
64218808820;8
50792376079;1
93281943856;8
22714265060;4
73967008589;13
44872672762;7
65778143742;12
12408754490;9
19142479292;8
96599500275;15
93379933341;10
37168653211;4
75386864548;1
22962092284;19
40453512411;1
79399855290;6
36891952338;3
79732969788;9
36716687261;7
21363487675;2
11176671679;12
12864087777;4
67401673380;3
55684135847;1
90661585586;12
13845715462;7
74761153735;12
37333007677;3
97800570408;6
20027788119;17
22639547374;3
88973370899;24
11853189233;8
12661391903;10
52110669143;28
42160587776;10
13370206181;8
15410179346;3
68486748335;10
10716513231;18
13102832400;13
41777482173;8
58147453254;12
62974550972;7
99119362904;10
61068115347;6
94232837443;4
88344845253;14
97430765105;20
48911471891;16
66049841263;16
76277939598;7
91527252394;3
20630659032;17
20643716154;12
75866262911;13
99795423952;10
66979560147;14
20879419040;7
30448207915;5
88145406696;5
48772829459;7
78022214723;3
13579750909;13
42079456512;9
84133957229;3
33225728881;7
59480672128;5
69449642724;3
74412492692;6
83411466670;4
91054929202;17
19974541004;9
22294311497;3
45032127460;8
14584657364;7
42330947568;4
32815928430;17
52477367830;9
40269811674;20
31947203734;2
55742603033;13
81434253625;8
29683031903;26
28378000646;1
96377836945;8
19662027208;4
26713774326;10
19336462769;13
27308926428;2
77155458471;10
29082219128;4
44991754816;11
45289729490;6
51670781867;5
88947272263;3
47480327055;26
49501773051;15
61847452652;9
15241653619;11
69745275059;10
86076815118;6
36502765794;6
30687532436;4
65276624549;5
81279145481;14
82860725011;7
59691796810;12
22711288220;2
14471216019;6
98047110808;3
59691796810;12
52865557783;7
19433801759;6
77024443980;6
49735406963;4
78788786633;11
33814102057;16
27043639557;7
25731302933;8
54980524983;8
16058313261;2
69931786873;7
80159773961;14
85193719991;4
32333260547;9
63488585566;5
85463688939;14
98906334636;4
29324944056;4
90794857380;25
57336348773;4
61090102118;10
37276768541;2
21900036237;14
59337202775;5
61900986491;3
30572444449;2
52245857971;5
20493332458;10
19173894824;2
66917169242;4
44848942163;3
68662192879;9
86548131070;10
51822798006;7
76973754155;8
52179494667;16
90558401085;6
47061967639;8
55515475641;4
19678120322;9
34794694762;6
77486820204;5
85666190899;7
50940322870;16
91157944737;14
17880804650;18
41867303317;16
71434744227;8
18426968150;8
18923849768;4
56893605527;7
68303102319;7
59134854360;16
84489301652;9
14097862103;5
34108187121;2
69743210346;3
22069382537;17
86741031933;10
80569138598;17
44829064448;2
30260331211;13
27426618776;10
22158804501;7
48562023829;5
68501951509;23
47465179230;13
99507323023;1
94891187327;22
40831041656;7
81757843023;15
63003424546;2
27310737693;1
86820555830;8
66911818766;5
86937819903;6
53114690443;6
63557045493;12
14773511641;14
30086171120;4
26357464849;12
51366086414;4
79295260650;10
73857734751;14
89682950412;4
29279475778;6
18592327453;7
30851306057;2
84994668235;2
83784346375;10
33100358034;5
16524766071;12
45859484489;11
77772533527;10
59735307554;16
26357464849;12
40113680616;7
82431552812;7
15947222086;6
89370668960;6
16380975381;1
50439559108;4
60125577178;3
54648466303;7
41241842210;2
93417090404;10
24025192621;11
95911709038;15
52514531132;3
51209271426;9
49210881653;7
76633306091;12
66545921160;24
68960944045;2
31794292708;9
40269811674;20
38114229805;7
70528789697;3
61760839612;19
65734969352;10
60301185467;8
22495809106;20
28174244985;2
97168853730;8
32679484767;13
99606133093;6
64316876652;7
42800706279;6
66338035006;17
75221578552;5
81493746891;2
18216935453;9
44342756043;12
62672049253;6
55242641638;7
28852531051;4
11280687530;9
68862442375;4
31863316994;10
59482781769;6
75526562396;6
90016586510;5
70578638931;4
23267213154;10
67701113209;1
73071577649;9
74682673318;15
41545722666;8
58825872377;23
39830054513;8
52911083882;3
62513541503;7
94880531051;9
80757847115;4
44562381122;10
41118901701;3
78558303063;5
22414837842;9
85517221065;19
74493784005;13
30771592130;3
24417150103;9
91449769785;6
85122486528;18
18772843788;21
98288584184;7
55762741929;2
33031423444;10
74171542042;9
88704396558;2
67157084572;20
22857778026;8
76012290577;16
18889381932;2
18216935453;9
10373318993;9
31951881050;4
10538551114;10
98113884479;4
71352078145;14
57796856755;12
62263345625;12
14149524145;4
64446135410;3
71171131988;10
87523953461;1
40470760241;10
94964243740;7
35898941231;21
62834287888;10
56698418502;5
72941344335;3
48664587126;12
63033339392;10
27096024794;8
42464150903;9
56618890934;1
15460299594;6
20630659032;17
57376676656;16
24092603851;17
10580486968;7
96083655333;3
73546788167;2
58147453254;12
33155334239;5
97800570408;6
89714518831;5
47480327055;26
20725607745;1
66263221523;8
74823316273;5
12310494172;11
65766881594;24
22633100530;9
65597599514;4
83870868701;2
23154816745;8
94386647663;9
96071904557;7
33960545839;12
84998983882;9
91818366946;1
20481079940;9
99289643389;2
16604116780;9
64452551163;13
11762222758;9
18427149801;5
26328837147;8
85271638174;6
85212488407;13
37075338467;3
79200164085;6
40459661667;10
74486885519;2
42973265370;9
47043761873;5
55379137745;14
37630940303;5
26286798224;12
29472770105;1
50165901843;17
81843106631;4
20643716154;12
26878196646;3
37819682818;16
37283892316;8
55113894610;8
83442717516;5
72036388148;12
51822334145;10
54249303014;11
62415289978;10
48580624254;3
55193266787;9
91760178979;27
25246675860;6
48339922946;3
10967780559;4
23802034551;3
88117330572;12
35111190130;24
74829652697;2
32537338044;1
67750402154;2
54048117740;9
39550497258;21
37698853337;8
53980156717;7
11066239219;13
54630867812;5
42690229710;7
25183099291;31
86307759906;19
92039429471;6
95612980931;4
77529215396;1
62131764808;4
54659915295;8
88748584952;26
76142864472;6
70578268949;14
38788165643;14
65550805641;18
24629406037;21
20263360234;8
99579760733;5
79640643523;19
28167851228;13
84582759742;11
88797047036;14
64569051186;16
32997000998;3
84240455718;7
48764134431;3
61281570955;10
53854706570;9
18325172836;6
89165174817;1
92355784523;11
83055303143;7
77027744443;9
91753421433;6
33145761171;6
22703894256;2
22266509503;14
22550446903;5
88466527059;9
26769272552;3
14458104125;14
52695195629;17
69739417852;9
37438291379;5
73496692478;7
65260918686;1
80412997014;8
49807103583;10
21900036237;14
57321726915;1
46531425595;3
99919162954;6
51462658492;7
23238237860;10
85271994290;8
87378195569;16
39419366215;9
34583849641;10
70282711858;5
52279537142;7
81411223549;3
89555067465;2
31001846877;11
42430399636;12
29797055465;9
33960545839;12
49707608617;6
92914420488;10
45649602355;2
42679766458;10
82608217018;10
65302726826;7
95932235630;8
10344485450;5
50688167315;4
49293191392;15
31401592563;6
51718060245;1
45933746375;4
56565288819;10
63828843150;8
11161746355;17
59838145236;11
88293727338;21
27777019788;20
82170105522;2
33577281742;5
16674773471;11
23345371775;9
83922377242;15
50773665264;12
64657795057;2
50477373003;15
88612575760;7
83642911338;7
79432571583;9
39674291990;4
51948305230;5
16596055832;9
81894613652;8
17964155952;9
20378886458;5
19886106077;5
41889529870;9
70490058280;7
85357959004;2
83227127827;6
54700453014;8
69632881900;10
94766953964;8
67700183053;1
41303213305;20
42546266439;6
76137339069;12
32196089980;9
64060203292;2
21872339837;16
52130956640;22
87237154328;4
96483720138;3
52793798665;8
19324187997;11
68501951509;23
41451794796;5
98963023019;15
38531374786;1
26926000418;27
65257926015;10
40595559309;8
29595262232;3
43064201119;3
99657232635;1
68220258879;4
30970649811;11
19090874369;10
11957916435;10
93176329627;14
77390032609;8
32157281411;2
62105975578;10
84194022111;9
24883981763;8
54628715819;8
55387995069;13
43971204702;4
94493847999;4
43408253838;9
61263880552;10
83061664744;5
72576583497;3
21520352635;3
45559613809;3
37569140122;2
49839671251;5
79716397362;2
52810596676;15
80159773961;14
39796042868;8
71244307962;7
96296740671;5
94874652615;18
30505065843;2
23345371775;9
59337202775;5
57957925698;9
37685605636;11
88973370899;24
46011649573;11
34556198294;3
15803274542;2
13684495064;5
24331092092;1
42344341106;14
91462640795;7
36914522660;1
29288332746;3
30736947366;17
48687217033;2
29156276090;19
81546125995;16
25382482219;1
87435233980;12
61241325959;9
65984690830;1
43363293245;6
53985856564;8
75969896863;1
98285269062;6
86518174328;4
83922377242;15
31122397265;14
36807343633;2
47022229671;6
11321390932;4
28734831982;14
24823417576;5
26335134023;4
25020328456;3
41632909920;8
28022758641;6
87539816973;2
80869715267;4
59995548677;3
22277715359;2
47044608201;4
90143755049;1
54830273639;6
97769113332;6
93685463829;3
61272415471;2
54962593198;11
29034937128;1
17528754878;5
69063863455;8
75094782148;8
24048436813;12
52634041330;13
20782323313;9
26294044671;3
37154459817;4
17496409678;3
63652830826;1
82608217018;10
10998289622;18
79178946475;8
77167076113;7
64495382101;4
74601812070;2
60259932410;2
57868430749;5
48848432922;10
81760026678;7
45778115962;3
77015198571;6
41187506381;10
15572411319;3
20240495266;3
41104078676;10
92222103901;27
50616145868;7
54178026764;10
47591194376;6
43891324006;2
34022924235;4
63223170697;9
68510241508;1
10105501010;4
81269127116;7
38435499777;9
86963320508;4
58825872377;23
15483292026;1
88342127908;10
73271027094;5
28671414767;16
37589970811;18
43199462825;19
39293628375;7
49864955872;4
12836517444;3
46821686565;16
27046979847;11
67466755285;10
25183099291;31
29370981317;13
52130956640;22
53988807493;4
62913813889;9
15755798595;12
65407197723;6
14288916738;2
65958452344;14
90935696745;7
13973629135;4
62041623744;17
49986895936;6
79991160022;10
52318678663;7
69735620154;1
40532888721;9
86363915968;15
91660053575;8
12100577380;7
43393968303;6
22489392878;12
66920008411;4
23816341809;4
27157581093;10
56165128960;3
91090978702;6
45374811119;10
55281180809;1
77299943897;8
22702515302;8
20026759095;11
57053225708;2
28865497271;11
75494123492;10
42410284947;12
55869616602;1
40367785014;19
54962375898;17
76655414934;13
42410284947;12
94143522498;22
46883587300;10
39468056587;14
78036958743;14
73199138979;5
84255264718;8
50257314448;7
63555447722;10
61942674636;10
35966325649;19
80699832454;22
74245960106;10
61201029256;12
99048424078;9
16080242043;6
17996610664;11
20741205464;7
42982801332;8
95055436709;9
52695195629;17
29103138322;9
66873232408;2
26908591233;17
10969942873;3
73083891556;8
87122812685;3
29092181368;9
10857655527;4
51588480066;9
97793949242;23
87161321817;14
18758785295;17
43684597644;1
44522067210;10
97052755982;9
65220396742;14
84489301652;9
64410955056;14
67316500891;18
96750417998;2
18598274527;4
18325172836;6
40588202839;6
48552953983;10
79702034690;7
55032329783;8
71244307962;7
22857778026;8
81300638476;5
31359603150;3
13969614467;10
10177478974;4
36326995094;9
59892747848;4
38819034559;12
32297089263;14
36693597356;7
31166914023;1
79634776360;5
27611285203;2
48262302534;9
93990829799;7
25944044217;1
33862726050;17
69309439045;6
30149744590;2
37719614812;6
90888956538;1
32581790522;3
55150032702;13
80432348900;4
92328627619;13
15892725657;21
77749381566;2
73948099243;2
24355169344;3
70366784809;11
50582426230;5
50376759926;10
72584467507;1
48511367597;3
39553184473;3
79891480061;4
68523296108;10
27227592949;3
48744797971;5
20349775909;9
48516987757;7
77840911123;8
82806052629;4
59672970666;6
21703945801;16
62529019598;8
24395729915;3
42844762894;15
45525884695;5
46199535556;5
51335922552;10
88498230834;9
68793320037;6
95981184858;10
66555863097;3
25592792120;16
20641507948;2
86781657972;8
89896639106;20
44077272995;3
80893626829;10
54310611013;1
74158968382;6
35916183779;10
41822763690;7
80270578474;8
20506897676;9
84318933698;1
10591847069;18
10984232685;3
74854925356;11
32761770890;10
27219355493;9
29542962668;3
94511880941;18
49786930161;6
25739357812;5
32997000998;3
61755279894;16
69712368484;5
58650468121;7
90360016554;1
68799226918;8
87078161911;5
54544214941;9
76423622146;4
82484890677;17
55320761448;2
87064494767;8
19651461919;5
91720399401;2
98069559643;17
98221025169;10
41027145532;11
17304469675;3
94809609752;5
45394130689;21
52634041330;13
63728269527;12
73263044395;12
45250546015;14
74117692229;2
68307868821;10
45456178171;8
40654309779;4
83498944125;1
58130274043;12
28244193461;13
46869358634;10
91720947183;9
43900762291;14
74032744837;18
52675574032;4
28637845074;8
28407016341;6
93641390011;7
56244847817;4
75461266322;7
28175859414;13
39130709300;5
47061243432;5
36017913525;8
43428799142;6
66940843993;1
58502862470;11
42054299843;6
50461530752;17
55522454674;4
66168709602;1
39468056587;14
30420735536;1
58779851610;15
10636639348;13
92458508252;6
21763454598;10
10661853289;9
14165856426;11
84168471387;10
60433855845;5
34750131768;2
63573101545;10
51462658492;7
43927927954;5
37970521702;9
36907844843;10
17444496902;3
41546851619;1
88827170650;11
14592026058;6
16140259750;18
19013783593;2
50571695017;31
85168329788;5
69456155488;2
81687104675;9
39651008714;10
27046979847;11
28656024746;16
37167327442;24
94602795025;10
71193673814;6
55185030731;14
95223074001;2
47113418197;5
58270280850;27
64905809353;8
30367789707;10
85777137255;1
89838028921;23
82111728224;13
19813017245;10
96449640483;13
86791877407;5
96657014618;2
34790148283;1
83864674169;9
82897485163;19
24068579407;6
67191453839;3
15927760861;8
57196535956;12
54006215551;3
61141629347;7
58056672136;9
19771266720;7
47867950624;7
82229491821;11
57838862550;10
84798787120;14
25953864531;11
70274205041;5
97148926324;10
11806365154;16
76084153592;15
42824968273;7
31293066233;8
50129543383;6
33008566094;5
22495809106;20
22865737118;6
23226594554;8
36044716840;10
97731672488;2
92586931240;3
74386880601;1
15050619056;15
41867303317;16
18437560023;8
94617278059;12
28510113487;11
59972174261;4
47122300575;7
74883844605;1
43565307416;6
12926602921;10
35914136868;12
22093882102;19
61437479569;7
55113894610;8
55299740930;7
34125273114;3
50960808437;11
31961827440;2
51345815017;5
48831605122;5
40978746378;9
23931137008;3
60157296587;9
39004761856;17
88117330572;12
94745741878;4
62517787181;15
33595446427;3
64642811261;12
70339475719;10
89838028921;23
64523250214;6
50273470438;6
77518162259;19
52110669143;28
55599671855;10
44689125426;6
20635825309;7
74844046374;8
13083314734;3
89125643259;6
63498837335;7
24733232052;17
69319544607;19
49711997502;3
36978137995;7
48000729943;8
61442808461;6
97118055040;10
30448207915;5
72068791137;1
23757545071;13
45598881968;2
44584992309;1
87455305369;3
27549518663;5
76403304932;10
46792611310;2
73967008589;13
85767215018;5
14153379267;7
57376676656;16
85886268113;12
19635402541;18
31656879623;9
26341759940;9
13891825924;5
20767276210;15
62927449919;9
30672925324;1
85819386954;11
70643856429;8
71025386973;1
38506433967;5
69531953853;18
91550679962;11
76349951413;11
99624907124;8
38510868839;3
27047080806;12
24533627063;4
11014963172;8
92221759308;6
90695071194;10
85769817969;8
88582660154;4
87152217336;8
21343895178;1
12928806668;2
86963726215;13
51725324477;12
49775909922;1
75120572101;14
10419283530;13
42557682272;7
47881663086;7
80976470606;4
85557998043;6
27707954289;10
51100598157;5
91875214698;3
42414069078;12
67189149087;5
72558940926;2
30168916679;7
10206431360;9
14086551345;14
53433685991;7
51546045551;10
97621604127;7
79798180272;1
26428027511;5
34159858417;5
85632169275;15
26926000418;27
10559100192;11
37297733439;12
51349489620;19
34526833212;5
29600305665;8
96110965899;10
80158917850;5
43037379236;6
71257310537;9
67171315768;14
89150184772;12
91870217498;9
46883573973;4
34238024508;2
54412491602;3
10998289622;18
93435012263;2
38971324467;12
85085939030;1
53617057844;8
64749265804;8
14523563214;5
79554253956;2
65622986434;5
53594688531;16
63893311225;7
80701883104;7
44306465586;7
59134854360;16
57193890361;1
26632306521;10
11836327543;12
78284966838;17
93758350873;4
55700891340;3
21136245496;15
60471983585;8
95419992092;10
38901519372;10
50272348842;10
65000167176;1
85517221065;19
69309439045;6
85937450322;2
64569051186;16
18288348400;2
97846337076;9
84995861736;2
79640643523;19
71944004213;5
11639407260;4
77172001922;10
64957010943;6
70660463549;15
35966325649;19
99602205845;1
19340115586;20
10875980256;10
33156510241;14
79355899669;3
92542662538;9
42344341106;14
28493340792;2
67861655118;9
52179494667;16
61614945737;4
54348237976;9
71356420673;6
56163335060;11
81460447921;5
58121386314;9
96234621331;13
82252068873;3
50870722055;2
85500770460;2
87869998598;22
26632306521;10
63813934663;6
64328419710;9
64551484341;7
51911118370;16
45850191570;6
86516026326;9
16999413317;4
88827170650;11
34920350060;10
46654482693;12
34698197669;10
30741415884;5
34568427452;2
96449640483;13
63922196167;5
65604676766;11
15241845518;7
53154737383;8
42950598984;9
21791088142;7
88470037780;6
60014608008;9
76372504873;1
16140259750;18
24678062420;4
77234598438;6
85769817969;8
47061967639;8
54087929593;3
37997369338;7
55086120666;9
78063083360;3
28658729950;5
99990550444;3
41276358583;7
16375590612;9
20767276210;15
48838207738;11
29340097221;7
31511251146;6
19324187997;11
56686922709;13
36826723719;9
90576141156;14
16035604490;17
14548860137;1
33394168214;12
23102548201;8
53635274267;9
98216653544;4
95571838812;3
48664587126;12
44118069640;2
45772120354;16
84494320144;7
74111476732;10
16252896159;16
56350099830;18
72662596080;2
74093578016;7
29370981317;13
38742589766;7
90632511947;3
43846114299;10
19026149002;4
46729258682;9
64587712668;12
17061535048;4
45412456302;5
65778143742;12
81894613652;8
14536438848;15
97667843604;3
73242918254;16
94271532765;29
34738590404;9
99204074423;10
87917810457;1
59867172340;9
44085654441;2
63840731133;1
57683088415;12
43030441588;17
82679988343;1
76249001580;6
46417350613;12
62230676075;3
73740007066;10
27051798472;5
35720235383;6
12324339825;9
45256315935;10
80691396262;7
49118315244;23
25815138350;12
72036388148;12
63071144253;5
50256904569;8
22858308494;5
42616665394;1
11146518499;13
99519486017;13
10586413313;6
35582741384;7
29725233674;7
52559816977;16
38236997575;8
81356690046;7
81291803763;9
59726000812;3
46326856450;2
41063510437;9
32761770890;10
34409445357;2
28986048087;10
45394130689;21
39286956393;1
58987301368;2
28459538344;10
26882535407;13
13282189962;10
30970649811;11
74842958123;3
88692950167;9
36297732903;9
15656894512;6
63728269527;12
77827069694;5
64691677783;2
19651461919;5
12820640279;16
33313384732;1
17500237983;7
20544552651;5
83299539485;10
94915886309;2
45123642235;2
83375049103;17
71069920672;12
23757545071;13
79815185460;10
95389556580;11
30617050962;10
97476386372;3
59796224145;8
41356609317;5
79044757219;9
58944356958;8
69776836189;2
26566192870;14
91610089746;13
25232260371;9
52695195629;17
84332839478;4
24601943122;9
26927388576;3
38559888538;3
73530019231;13
12554733148;7
11627803510;8
27872399016;18
52357449535;7
61755364448;8
39818046793;12
89274719018;10
62041623744;17
97396848086;5
99180642272;7
62357359461;10
71310624849;2
95911709038;15
74107623458;9
99170128600;1
51078354965;17
51349489620;19
43775339807;8
86251301952;6
13616793291;12
94511880941;18
29948017865;12
77930151091;3
55706114476;14
36487300281;17
29158897454;4
89012159942;11
96108182835;2
13906929466;7
91850447676;9
37959802806;8
57415058776;15
14892873434;5
42258543930;6
68488832508;11
73242918254;16
46210467297;1
30648419037;7
31686782553;2
19569206147;7
82150768360;5
48971358942;14
62199096831;7
61755279894;16
75970405195;10
57524321335;6
65302726826;7
29826208717;8
75694487246;2
30392970098;16
82441139641;6
12646060982;8
62263345625;12
50171050854;9
31610161331;18
59311127883;17
68793283515;1
51859548743;1
38238207950;6
67517854762;18
81300638476;5
31845951358;9
58270280850;27
63685524476;4
31004465921;8
88973370899;24
55379137745;14
59134854360;16
74963477854;3
96342616073;11
61942636622;9
88104419477;5
64762963622;2
57796856755;12
11883862487;1
88059783658;8
77488812137;13
48838207738;11
83958838985;7
55725218784;3
75266463741;11
41296778088;7
89831094293;7
55135677948;19
83442717516;5
18093210667;10
33120000488;10
61904324137;2
22967858533;10
49398946538;10
55801444399;2
65070756696;13
91757794105;23
28795011192;11
84974051728;16
76386524696;7
40940554776;5
86865701546;7
29006131079;8
86015722108;19
65774362943;6
88059783658;8
74388155552;1
69020665993;9
91616809853;18
87869998598;22
38776408388;2
54981269258;4
38752534494;4
82586339667;23
11062852306;3
87375993226;5
59515591590;7
41848149164;4
17679903489;11
20481079940;9
39400863816;16
27392294209;9
73205380300;1
53114690443;6
12609990413;8
82586339667;23
61740234780;1
25183099291;31
50013545405;6
83103805179;8
84841439226;3
23404721461;18
43570896934;1
25176202645;4
12729643841;2
85827989225;5
15368968202;4
85211223386;10
46654482693;12
81608182479;9
54368571276;3
38559013511;12
60284455705;4
73113423560;6
14710053174;7
24359957247;5
78336904634;12
57028601280;7
68691920976;3
17112700777;2
61263619662;20
59438114349;7
21094759005;1
56952537356;9
24091963800;16
24569580598;10
73271027094;5
22366919940;8
61240458620;3
60055551990;4
22349546394;4
66657401746;8
52265964138;10
14692367451;9
78485806322;4
51911118370;16
14327109886;8
17282387127;5
20541059595;14
67728447391;14
90174028737;1
47578927052;13
85055188797;7
13522128307;10
49701781985;1
58856134441;3
61760839612;19
81498117197;3
67517854762;18
90742068768;9
20735608964;12
60761177851;10
17982694578;5
90960677255;9
38114229805;7
38487530580;8
25592792120;16
19052289140;6
32456274424;4
97430765105;20
37819682818;16
59467066521;11
85523881684;5
47626897318;8
96630359483;4
79973166341;7
13716007213;10
61927747637;6
87926492738;6
47307672586;7
54679531275;4
20315114794;8
66265085588;3
44471149041;12
16056551319;5
55775106858;5
38148160252;8
19835023632;15
68496574809;2
20841391096;2
65861764049;5
21958197776;3
52357621429;1
98833107102;10
38971324467;12
90134864677;3
99678572251;9
14523563214;5
52739049168;9
19443438871;9
72187332248;3
38334777459;18
53774378787;8
39919125632;9
92011338424;6
23507328895;13
87630741314;9
90035889490;14
61263619662;20
65992652242;8
77473946630;3
14539837581;7
78788786633;11
93355318787;3
43226261880;20
50571695017;31
30396765677;5
87378195569;16
65690412488;12
13255935652;11
16861993251;5
90814849311;7
73883745522;3
49284114012;2
14330893298;3
28253348142;1
85771223401;5
64642811261;12
30293507239;7
55687634438;10
91550679962;11
55517429158;5
76018605257;27
18664368737;9
73234180941;2
76789550765;9
91616809853;18
20829536198;5
66709262681;13
93669317269;13
32630040291;5
75866262911;13
77518162259;19
97946099894;5
20958134403;26
81546125995;16
39757412147;10
76084153592;15
56450633299;10
66450864998;9
51892021079;11
13139527809;3
22740492440;9
85271638174;6
39322336585;1
63016238167;17
45281718022;20
39255361678;6
29060413772;8
32297089263;14
74032744837;18
59228951658;11
40113680616;7
42617135140;2
16674773471;11
49627110907;7
57474839548;10
64710360781;13
31045117633;8
15413363225;17
82586339667;23
75223774524;8
27536044639;5
48357726610;12
24228791797;8
99992749308;1
94594862088;8
45234487261;9
95498691294;7
46629124461;11
15356398211;4
78222067326;5
41744577765;10
86675384833;5
82557458193;2
66657401746;8
60055551990;4
95389556580;11
50567855953;11
94727014609;3
70792450575;11
13928708328;8
76178913089;4
90515177865;20
92310775689;10
87161321817;14
87546923093;11
17637000134;7
51194083217;7
21795049456;10
34176558066;10
59467066521;11
62333390421;13
81269127116;7
71489602029;2
93289292647;17
74285005985;7
29087955632;7
57907714469;8
45772120354;16
69472526941;2
82312650466;4
91304823662;2
39143639301;10
80736530655;2
14951644928;1
32925572988;1
43900762291;14
52905551162;13
21631601498;6
21649274457;17
26422308770;12
90188332942;10
93101115413;11
50950188248;6
89155529725;3
22657905729;6
63244662535;11
57012603252;6
10678523683;6
40773257818;11
32023974610;11
22962092284;19
25285410405;15
20923063541;5
14260343048;9
98045978490;8
12257031498;12
15789283166;10
68002920281;8
61725523812;6
36572250034;10
39550497258;21
52905551162;13
68106954504;3
32421265697;10
60979945798;4
38094605456;8
56772837030;10
78036958743;14
68348063795;4
21113166476;14
10231156269;7
22800375280;10
15892725657;21
14475417590;4
36314732158;13
12391123829;7
23199087856;2
45484934708;7
34794694762;6
69066935789;6
89898952814;2
41008494745;10
57642360138;1
80553616320;9
71084880324;7
38559013511;12
49888733521;3
43739930825;1
27530350279;1
65745405992;1
35373132461;11
93388133482;7
57369228607;4
58090650585;2
82333102571;12
42866215500;8
13564862915;9
30392970098;16
22723327824;1
63346609051;8
59252803949;5
83759318655;10
50634314267;20
72472681158;4
15632738873;5
81767284153;9
67234781104;10
39950674033;12
74063085987;5
61057343217;8
54226256831;10
31894492753;13
31864066825;1
59838145236;11
31523689940;15
59146861686;11
90308117865;10
18288348400;2
40651496061;3
66182380449;13
95130818023;6
43987752916;7
17292437064;10
41042602686;3
47521013058;5
85523096826;9
78955571915;1
53288644960;3
55773087705;4
69968327409;6
46021041976;3
30100206171;1
16596055832;9
77531270453;8
36370965926;10
18561906642;8
59924013530;20
59228951658;11
93669317269;13
80691396262;7
29628383217;17
88293727338;21
77506225033;5
38763479769;3
39217490697;15
92880933662;2
67141179550;2
45281718022;20
15289819483;7
18059608461;17
97026281883;3
28211312201;7
89392877099;3
68106954504;3
67347561409;21
43827075813;3
39418014213;7
45281718022;20
37116315016;4
84057648588;1
75286148994;1
55115126934;4
10209389008;1
76084153592;15
80699832454;22
66994330136;10
67713077697;3
50934778004;1
71286314710;5
43162565303;7
97947822302;5
94271532765;29
47020436336;9
19596939046;1
65249680295;4
44634808465;15
88859729539;7
85517221065;19
65124218173;7
93667641180;3
66738700014;12
39220678418;7
79441388552;11
42084703515;4
29470481412;2
85977297355;5
50382534707;6
14742188381;1
76386524696;7
62919228194;3
28656024746;16
70414870332;2
32679484767;13
61465650837;4
46629124461;11
23792483873;5
97394390361;2
10261768508;2
56377059438;2
64778736309;1
38065747044;4
27738107131;13
37545763086;1
86198050421;9
75866262911;13
31122397265;14
60854902282;2
75346258786;3
63188015047;7
20651126736;3
87520878914;3
51876349480;14
13038835596;14
17588852822;2
85054499094;9
90238143243;3
65070756696;13
57951212536;7
49905717621;6
25879711412;1
13234621349;16
34015880600;7
27983810829;6
13706385519;8
97819110354;9
73508272700;7
22491363288;7
45344355694;3
33420672754;5
16259608150;10
90805851729;10
74150631383;1
90020274937;8
30026387005;18
45250546015;14
40379412115;15
13335298583;7
22554756808;6
51246449366;5
54630867812;5
11280687530;9
24398743469;4
25799370856;7
35921203865;6
94389656987;10
10825432466;10
92136341426;2
85752584824;10
43820420890;3
13655144157;6
55758767525;7
99519486017;13
39532340420;16
69560629342;14
42413321515;7
63188015047;7
22156867090;5
76172208225;6
49020465704;3
73484602785;7
27918690895;7
36247884081;1
95355661319;3
12463601751;4
78336904634;12
30248610606;16
48800779047;6
88615463795;1
53892231754;3
42844762894;15
29628383217;17
66589125308;10
17836813861;7
21900036237;14
19886106077;5
91268320734;10
65770830914;5
75857721844;6
78050240604;6
76050392413;7
23507328895;13
13554398027;7
29322491879;9
41488051277;1
23992905846;8
28459538344;10
89989455297;9
55957229773;10
24347056393;5
98403332041;1
15244527644;5
27163033881;8
74031362399;8
52484911205;10
74926520980;13
81120318072;4
40269811674;20
90214907052;3
74233268720;8
94718551897;4
92074303191;5
19336462769;13
79618969876;7
11812638865;10
21788470485;10
36161053522;8
46031664040;7
84487380939;1
36696282636;12
47401242403;3
49742858958;6
73813173305;3
76705763610;9
65295097532;6
40384412029;3
71541814686;1
29683031903;26
23136944738;6
73683521487;8
83585262691;3
52130956640;22
11359128099;12
30574125864;10
61450053364;4
55992159034;8
43255032293;9
12839170114;1
84144104525;10
66969854685;7
80609683236;10
77706946253;5
36916466040;12
62677253985;3
61964742434;2
96120306511;2
66049841263;16
81903064929;2
72546737637;2
52227575512;13
67871027179;17
21723968971;7
96102020788;5
41767761095;9
67316500891;18
14873210467;3
36957481429;9
46591456437;14
10636639348;13
94579287047;2
38777247599;2
96300718241;6
56329325342;4
67387166665;1
57838862550;10
20525591183;9
24607055885;3
83540321206;7
96971017058;13
25626013949;1
72353390243;5
53980156717;7
22130808396;8
76577125711;9
11853189233;8
14773511641;14
90448909109;7
33183539979;1
53878250294;6
66226832300;1
43907375340;8
77334647244;5
51349489620;19
71589014506;9
33753321401;9
81452133323;1
13718152040;5
77045606561;4
40619797396;5
32457119701;7
67581947583;8
86721745944;15
61479561667;9
59807485608;22
73283142075;17
74544058908;1
76789550765;9
79453518432;5
75833133505;19
58530130251;15
86721745944;15
40299352367;10
22639497431;3
83603226857;9
84924585298;15
59437835456;12
56238110875;9
85874407509;10
98448232307;7
40324146960;3
39217490697;15
20139024438;8
65914419350;2
29284882438;13
34774857531;11
70807711663;5
39920759085;10
31799135017;18
92072027300;6
97201847607;5
40990110481;4
30026387005;18
26882535407;13
44689441999;9
90192962500;10
99770403017;10
40529506103;6
36299749687;10
41888437455;3
45854277592;3
77853497642;9
46037125368;3
21690673341;3
93211931167;9
85212488407;13
50582426230;5
19340115586;20
20224785416;14
44026836281;5
48541083086;1
77022882287;17
78157049585;7
79318017482;7
34226084802;16
80861191396;3
71437523547;10
10539521652;11
17096480817;11
48390055789;3
22093882102;19
30392970098;16
99146549408;6
67509705357;4
29683031903;26
78393108969;5
50477373003;15
29968857988;18
47696308713;5
34233091808;12
14090369786;1
45983442069;5
75120572101;14
13716653535;7
45858961946;6
89281391817;3
47824239966;16
72240734388;1
87923595840;7
20000346232;1
52737626031;9
78497829863;20
11683662886;10
37685605636;11
47554986750;3
35097270098;3
30869906868;8
74456399122;9
38669836628;11
20252609433;6
50676255887;6
40795655436;13
43226261880;20
95659773340;11
98535474727;7
36658187612;7
61602798685;13
35966325649;19
81608182479;9
19418693909;10
89274719018;10
65465427700;6
65604676766;11
50890381466;2
43775339807;8
97128341450;3
48707191146;6
22781204696;10
91956693361;2
86217439298;12
41629973312;2
46982248460;5
78721998850;10
59260171515;3
38487530580;8
18758785295;17
85193719991;4
95339613349;2
18114419824;7
73208391599;10
54047356252;8
15169174426;13
99366927292;5
25303737516;10
71713183591;1
12641921330;4
51327474946;6
77772533527;10
45421026301;8
20612650615;8
46930749764;24
94143522498;22
46945974724;7
90515177865;20
37222679117;5
77902282676;9
71446648887;9
41742807572;8
77334647244;5
86155092853;9
15885569420;12
94303186428;8
97148926324;10
67154046663;9
28734831982;14
20550640695;4
76425284206;5
52719230739;9
73795665702;6
19569206147;7
78230612751;21
83304967814;6
20291189674;4
50469996519;9
66390871229;20
84543637176;13
19101271405;3
89178797974;13
53098391125;10
28952727659;7
36340480056;2
18321074888;4
11786650412;4
72722173053;10
54134542166;3
21603897700;3
52088773903;6
38650047197;10
39532340420;16
96415984759;4
70369296068;10
83174121124;10
21200518971;5
81945990837;5
37243596472;10
60047594697;6
95348555364;3
43327774360;7
42767132762;10
83299539485;10
24356265834;1
24091963800;16
80664230163;9
10539521652;11
16080242043;6
35043345962;9
67433361418;2
49528135086;7
84977941928;8
12391123829;7
52090593480;3
50084188724;10
94828316109;9
35874659381;10
59003262505;3
59706497454;4
58130274043;12
96599500275;15
81439368110;2
75213799565;1
62483565698;7
84481832774;10
64710360781;13
86363915968;15
53373065572;10
76101213827;7
36561740327;2
48750711060;3
35354146284;7
85632169275;15
73568070994;13
53318950600;9
77829342170;9
40795655436;13
45625925489;10
62967005013;10
99323349812;18
12663891033;3
75807806304;5
51102116497;5
21788470485;10
16829097135;10
85886268113;12
31928707586;19
19742844482;10
28391902382;2
48928154669;2
23678897354;8
18772843788;21
34937087005;3
96148586500;8
70318326591;10
40367785014;19
69332022682;5
60057502242;11
92439179690;9
80806879728;6
79585021893;3
75647585123;9
92193770429;9
74924446362;7
64018919641;7
49498555965;16
73251830104;11
22489392878;12
96675803332;8
76406140629;10
94840846484;1
70148447487;3
17288548619;10
10112341252;8
19635402541;18
32190573207;13
89554365138;9
78230612751;21
88776201237;12
64902324742;3
80473122795;8
37235962737;5
32300723417;3
46918787648;22
96332467525;10
58012557082;8
75097912674;6
16140259750;18
69935532157;7
98036274794;12
44069587100;12
79318004214;7
97827943964;15
27287512000;3
94307285319;7
42788092647;6
21006663221;1
10863463390;6
17240409828;10
67347561409;21
19260291761;16
70315737903;13
26328837147;8
13765388233;1
40666841398;1
29570048783;8
59174668433;11
49389081184;8
69194997090;17
51304572281;3
47867950624;7
39004761856;17
68479654309;18
70012679028;4
52758945322;5
90982101793;10
76282760467;8
23353461953;14
50180521235;3
97564875374;17
41867303317;16
91868507334;7
34308039275;4
82484890677;17
97657223947;12
61900712393;10
73263044395;12
78160410569;26
34659655245;6
83288717185;1
93033917085;9
66626577747;2
54620256925;16
87595278726;2
66385382456;7
88344845253;14
45278182628;2
58825872377;23
46611993129;2
47509504430;3
52227575512;13
44859566549;7
51271122144;6
51572569516;10
65965262370;10
89976814367;8
13706385519;8
16259608150;10
74677303765;8
79030688434;10
94644354045;8
66390871229;20
29650451452;10
80420784150;9
50377792836;2
79404480944;4
77498502867;2
37326583162;3
72536543282;1
36372678853;9
84582759742;11
49365123040;5
53559332561;7
96471612629;3
86394997684;14
72465135632;1
42274981311;5
85000524611;8
59437835456;12
84544401525;16
60231424912;8
84543637176;13
78239405734;4
19769683785;2
18246611520;4
37792243553;8
74681743221;1
22967205358;24
80637581831;9
57526570822;1
63679484605;8
95427288306;4
20257869330;7
91779915476;9
27426618776;10
68281438178;1
76556150685;8
68985010145;1
31921004463;4
72456854718;3
73181769831;6
85540014162;10
32815928430;17
96666808209;8
16000691436;5
46009249586;15
44158945429;8
22244624994;8
49333981871;7
61111727081;5
68333299794;15
56269104086;9
18523617544;9
69785425538;10
80748885280;4
55457675636;19
56893605527;7
59025421291;2
53679584816;8
49711314727;12
85773934867;7
53146821946;1
22740492440;9
31044127787;16
55687634438;10
47824239966;16
10825432466;10
77488812137;13
60555166576;5
39870353164;8
78036958743;14
61263619662;20
26306746934;12
95707064491;4
30248610606;16
50773665264;12
44634808465;15
22495809106;20
51091175677;9
86179160177;8
29085834442;1
87435233980;12
20630659032;17
82728852039;6
35914136868;12
21136245496;15
98201233369;5
11762222758;9
92144956635;8
50940322870;16
54943001010;1
32154947560;11
95696509322;13
47074349655;6
94196881473;21
38000397745;5
67454996720;6
30093571972;2
18116880132;6
84974051728;16
39101751162;7
70939668545;8
22565183463;3
32023974610;11
21422409767;7
89883059977;9
14094543878;15
94842793743;7
76176811931;8
66545921160;24
31627147321;1
81381964071;5
96799088147;14
17096480817;11
10716513231;18
18215738779;9
66979560147;14
66299576431;20
71035265296;1
93735534388;6
73484602785;7
28671414767;16
73083891556;8
45177023661;9
12748942401;4
64569051186;16
90576141156;14
76018605257;27
40979462118;10
77533440801;16
87757740610;4
95963304656;5
27025128949;2
95629716297;30
73985819057;5
88780696654;10
82621395568;12
85645088351;2
37743016552;3
23030062238;12
38586302261;4
96799088147;14
39591874492;5
19501644315;2
48372321909;6
21113166476;14
94769602981;7
94143522498;22
90794857380;25
66369339977;6
25602136039;8
73127416698;5
32867171731;7
72886443750;7
12826876593;8
26729173403;17
10419283530;13
21214318247;6
12340018734;10
96384581403;6
39890990623;15
92674806807;17
19646884189;4
23027216827;10
93000332404;5
19381330532;17
97353996117;2
65348908271;1
65437906036;4
36696282636;12
76475734876;4
98881695995;9
41233343952;5
79441388552;11
50567855953;11
10481426541;7
48222140622;7
43846114299;10
40607795559;9
56585622835;10
97917703689;5
32924043044;5
23743359201;6
23018466229;8
44158945429;8
25953864531;11
58327966399;14
66182380449;13
71130231217;10
41139903470;9
58779851610;15
72069748403;8
31497106131;13
53679584816;8
38117896979;6
73565356321;5
26693287842;3
21141972525;10
19362176663;3
72718758043;10
73402294786;7
64882797543;10
58521682342;11
98984823393;6
36916466040;12
70312822280;10
94419756706;7
40977798941;5
38108685548;17
58150857058;4
33191283316;6
77918387626;5
50474598211;4
28033916965;11
55706114476;14
61004766236;8
75418423943;10
12466026451;2
50026397718;7
36433294045;11
17449292276;5
29672050562;12
85874407509;10
67157084572;20
20856058586;7
19426162380;5
92001114789;9
24315642987;8
74339276194;10
78502176785;3
93081453007;13
82207130967;5
42053879929;1
42844762894;15
13494263296;4
99413941159;8
69435584502;3
34618634261;2
81459236963;18
47023331269;4
88748584952;26
63806764866;10
50572930404;6
50378101354;4
84943320758;8
68342635057;11
32425436834;6
47123006910;8
92793400917;9
40598899016;3
50969466176;10
46296947727;4
79886878677;13
76581899063;1
89759137582;4
28419074745;6
79991160022;10
21136245496;15
74761153735;12
14668773298;8
77137263343;1
73092052557;2
40773257818;11
58991261631;2
24972354020;10
69122045601;9
66751899859;6
62195946564;23
71264268760;10
18396894164;10
10451129269;6
53759945957;9
90474513432;8
99774513068;1
62195946564;23
15927760861;8
31044127787;16
35898941231;21
88297821601;7
94862023798;10
49130492105;3
74032744837;18
43846114299;10
11657672104;3
72202943489;4
63016238167;17
54962375898;17
64075118858;4
34060955784;5
38669836628;11
87392426617;12
50817767354;2
95192911460;12
41303213305;20
43454322791;7
54608982994;2
47777273921;8
19835023632;15
54798187809;9
92453579257;3
78438710113;1
87909009690;8
40413447876;13
98037259289;24
91177221712;9
27295216126;4
88683947688;9
82484890677;17
38487530580;8
47102905090;21
12278618835;1
83283869508;14
48065771481;5
70392892150;10
43947050782;8
46417463138;17
97739655679;5
47141464605;10
95212586940;5
27135756433;10
42938247062;2
90661585586;12
76556150685;8
95629716297;30
49089959949;9
51730475381;6
97831460623;8
85326782339;12
47549962000;17
94077522419;7
58632874407;20
92908092375;7
69595217784;6
59119896540;7
64951480185;2
83439769951;9
17465684106;3
39926097411;8
87392426617;12
24076590002;3
25726116390;5
91084844879;2
31695624556;10
28167851228;13
22300554179;6
81125507194;9
97806636359;4
16267592184;8
93176329627;14
26492056115;7
95164467884;3
37339151745;8
53036163817;6
64294117691;2
83795623277;1
33814102057;16
99372747770;7
66790078293;19
41431124319;19
92420802897;2
61724252017;7
46152015816;12
53971399402;10
54231854317;3
34258836107;1
31423370962;14
46123636173;9
97401573093;13
24873696966;4
61623216212;4
17808930819;17
45251301153;10
75098657759;11
50872988970;5
54630820294;2
92328627619;13
46458987779;6
45073371085;6
97920395384;13
46413744347;16
26926000418;27
89385639856;8
59411284747;2
59824475045;6
78059545516;5
32154947560;11
92629578299;10
22816971610;10
67026488885;3
38642289825;18
62543498956;3
46833913522;5
43468192295;18
67064111447;9
68643252982;4
29117185466;1
68718861533;6
66551512582;2
97003320000;3
83283869508;14
89246609632;2
46242193772;6
93898691078;7
61192332089;2
16524766071;12
37486551929;7
90041275061;8
35895534121;3
89679187421;10
83783711800;5
11693392898;1
20002884531;10
67795095132;10
51023095120;3
20224785416;14
68538756860;4
67351916255;7
87327949930;18
98400010782;3
89476575365;4
71152357674;10
74904596374;4
73954978870;5
52810596676;15
24048436813;12
85463688939;14
42802855277;5
17221785791;10
88663580043;3
18764552430;3
13499407831;9
85106537245;8
32448624123;4
94496256285;9
36073885019;7
88543748616;6
55868667404;6
13603214193;5
62517787181;15
68342635057;11
30781778474;6
52559816977;16
89889344534;10
40266860253;7
26084161171;2
35373132461;11
61279144036;10
80431725295;4
32648624133;2
63869975346;4
25884973861;1
69708857951;10
37226672274;9
26888925867;8
11066239219;13
58043412201;8
85077665463;8
25111122522;2
64944391673;5
17221785791;10
14788529795;5
74210546454;2
28684550119;16
11289492020;7
65954395374;11
25285410405;15
99401317504;2
81490627621;5
34881733730;10
20635825309;7
72546737637;2
21473818286;4
97633717533;8
54889646708;7
24398743469;4
80341440834;2
57951212536;7
98963023019;15
65287158939;1
63587193285;1
71033684248;4
68333299794;15
87685129496;7
40663541391;6
98378985571;1
50037963286;8
27621706490;4
13295924475;10
97540140824;3
87344275380;3
49537258458;3
27872399016;18
15519301655;11
72473249649;8
42000788876;2
94964243740;7
83877256900;10
45859484489;11
13255935652;11
52779406473;7
96014507472;5
92653935370;7
27814900652;4
27426618776;10
32096702271;1
60080057130;3
62041798135;4
84397170066;4
84798787120;14
73251830104;11
58632874407;20
87603596739;7
56854290314;4
24791774405;9
71605473698;17
11957916435;10
26478765224;10
46065846110;13
31814137927;8
18669370147;4
86214880670;6
13883923843;5
49733217376;9
30687036858;2
75862695198;12
90742068768;9
68488832508;11
32882619755;1
28909389029;1
79886878677;13
77199094211;9
92170710488;8
73416977421;12
31661518074;11
33808360069;11
90724017878;8
22783544606;2
69531953853;18
77878789764;6
55387995069;13
35371107306;7
53058552438;10
82115174029;3
83337866899;9
50093722757;14
56107204723;10
53490681173;8
82802295068;3
69084525040;6
99204074423;10
36341145504;9
34286941828;5
30723671664;9
97052755982;9
60950514260;10
99128818247;2
60664839478;10
79205756095;6
13269539895;7
55689308327;4
57340173080;11
26286798224;12
28656024746;16
31928707586;19
49118315244;23
83208976395;4
88342127908;10
98092317748;2
98153066492;3
16035604490;17
11146518499;13
83759318655;10
77749128022;5
50797805184;3
60445389630;8
41710251624;1
56248478738;5
10073865510;10
76181758718;4
36826723719;9
50559318652;8
82372256298;10
71377332384;4
22885043013;9
79581623607;10
99323349812;18
34233091808;12
26306746934;12
49130492105;3
42881676401;17
48705455115;2
29288416318;5
68333299794;15
97524385092;9
98443755116;2
16146141133;1
25799370856;7
91054929202;17
25183099291;31
15413363225;17
59691796810;12
85827989225;5
32781300409;3
24092603851;17
52570605217;10
97425098917;9
98949602924;1
65954395374;11
41372909854;4
12800636576;2
71635463193;2
96966072886;14
76940500440;5
72505855049;9
16684981312;2
86307759906;19
43900762291;14
24226661346;9
62137891102;7
94215212844;3
34270215419;6
41695336166;18
19537993001;7
22443867661;3
72820263269;4
35220310002;5
84754007881;6
39919498886;3
39550497258;21
72828156038;10
96193206590;8
55241556515;2
86406629695;2
48264899967;2
34913236280;9
73416977421;12
11359128099;12
96018512356;5
61407779246;2
39529975296;10
96574588830;6
83341644870;4
10559100192;11
51345071359;13
23338225054;8
44307036840;4
67316500891;18
91433001332;17
66898175841;4
30571882562;12
43199462825;19
46009249586;15
46930749764;24
65550805641;18
52265964138;10
14397983165;7
35091379128;10
69560629342;14
24031792002;1
62123017852;1
83642911338;7
89048708977;2
27866941596;11
18986557492;9
55471420329;3
23917197295;8
96021562791;5
98037259289;24
52642401532;5
66801901897;7
59717636560;5
24270471276;11
76525421950;10
92863131922;3
84246488106;1
19863686092;4
76820274004;7
79832744890;3
64350784133;4
87869998598;22
25553882669;1
26566192870;14
40627817029;20
64251821058;5
81798753837;10
69194997090;17
93030827286;13
62519047354;4
41356609317;5
95696509322;13
94828316109;9
96151403064;14
92532283153;2
33376378446;8
75310171133;2
51725324477;12
37506085486;3
19635402541;18
70731070665;20
87945380656;15
95659773340;11
93990829799;7
90647871690;5
10742953637;14
54200115994;3
91760178979;27
70118941721;9
58898336013;6
76722869726;10
75509766394;10
40144444470;6
24714779076;18
22059756605;7
48357726610;12
22158804501;7
44094063034;2
20398738067;8
56163335060;11
38334777459;18
91757794105;23
88797047036;14
83159822996;9
98171338438;8
71275076259;8
42998159988;4
66545921160;24
54249303014;11
27300245189;18
23609657808;13
22565183463;3
49303566946;6
38238254732;6
93348242039;3
57917127122;15
84603833739;12
19090874369;10
86664485635;9
19246445824;10
29584758616;10
80156763665;9
77975633215;1
54962593198;11
83125340853;11
71957979101;7
22366919940;8
98441756845;5
86179160177;8
97778105346;9
85384721881;2
59807485608;22
95498202735;3
49038423504;6
76012290577;16
61927676069;8
67335318569;7
87149367080;7
70078452052;1
42420073476;5
42973265370;9
47893598513;7
67728447391;14
66786937824;7
55430590257;6
20353304441;6
56000489173;6
84924585298;15
49905717621;6
46930749764;24
47219984783;6
22623039718;9
62454611417;8
86307759906;19
25882106915;10
89964508308;2
28888453033;2
43117224056;7
43795015231;1
42410284947;12
82484890677;17
58530130251;15
51892021079;11
26926000418;27
52110669143;28
15769327451;8
23250544514;9
17808930819;17
93068345480;5
51832044080;6
77909845627;4
97430765105;20
14593707423;6
80412997014;8
58104929304;6
84497187980;3
96374181953;3
30260331211;13
42160587776;10
93513489988;7
28010902606;9
98833107102;10
43114020796;8
21882865415;3
90535758486;5
13386183063;3
50324891594;8
93645471003;1
16113608620;14
19678120322;9
38704709588;4
83467262105;6
20989468988;5
22657905729;6
47402094690;7
78722276125;6
47825206655;8
43030441588;17
30441842457;3
38845003835;1
26287036823;7
61328445855;10
29840114463;22
10581463147;3
49475474712;7
36826723719;9
69319544607;19
31359603150;3
93780721061;6
56695207409;17
20205318642;9
49389081184;8
53036163817;6
94206993838;9
21954328557;8
38084053592;8
87229446024;3
78998163214;5
44052912346;7
39992773615;3
46413744347;16
18215738779;9
13309765382;6
43677795922;5
87327949930;18
58806580049;7
93552499188;5
24422092250;9
41027145532;11
90510227427;9
39854569828;5
22785485283;17
95705835864;5
39727349205;1
55146461366;10
28033916965;11
98292839952;9
90311890037;10
20773772188;5
80699832454;22
57233789301;2
78160410569;26
96514360223;13
54919745400;2
81348465432;6
43475295066;8
84629337562;7
33394168214;12
10641084821;3
22487929215;9
71755691752;5
41175214628;6
24321904403;8
47170604947;5
91895211761;2
69550238948;13
34281861314;2
46417350613;12
78291370538;5
37564943919;2
10767220497;13
44342756043;12
43778730817;6
56820697904;14
58156711434;8
47696308713;5
34096373436;1
14290632134;19
89028945771;6
41964010170;7
54962375898;17
15711206032;3
78160410569;26
89858056650;7
36859759926;4
36504867601;5
90041275061;8
33156510241;14
81914898861;9
10426337837;3
89024109032;2
86030876012;9
46569807326;4
95617815132;10
82859190317;10
89446589850;9
32310655713;12
34178690043;8
28459538344;10
14086551345;14
21759562081;12
40497638077;2
49877503966;6
72990369325;8
69063103129;15
41296778088;7
45019377462;6
70063365543;10
22385455109;3
67506423823;20
49786930161;6
15420252820;2
17240409828;10
25529945517;2
18875403314;4
97702727213;2
39966974996;2
41695336166;18
99077294740;1
94196881473;21
87169267557;4
47214787094;10
47776168333;2
95007155832;9
77022882287;17
62041623744;17
91597443336;10
14016979892;3
32683612756;7
70629431368;8
48911471891;16
32694297818;6
74493784005;13
74926520980;13
95473457956;1
11241098527;17
75380291734;5
91760178979;27
32821620805;7
53050315922;1
56016384657;2
75048721384;22
41194500571;6
54867397517;6
76861495817;6
22130675685;8
96377836945;8
68793320037;6
28453638675;6
96803093976;8
59506493796;6
74129106891;10
48838207738;11
14742071153;2
56820697904;14
92582046478;9
25921546922;3
11836327543;12
15609737575;10
14873210467;3
23507328895;13
57051284691;1
73796807924;10
69349139107;9
91858501409;6
60038075490;7
46970870880;8
48298033103;2
69992164526;5
66738700014;12
96171295085;6
27135756433;10
68348240417;4
75767997612;8
46294979293;3
54502895599;9
30214180293;5
98865854838;1
46821686565;16
43366242766;11
26478765224;10
98447673663;6
83709453537;2
77248811655;2
93676478898;3
84194022111;9
94522949331;10
11912335679;1
62852241935;2
67171315768;14
39150063600;4
24321904403;8
60896962256;9
60057502242;11
22714265060;4
65575313389;1
89838028921;23
50906743674;1
91073989951;2
92603885845;1
76822378358;3
36775731079;8
70660463549;15
73233048617;7
82936437037;4
63985939736;18
22371357972;2
73634175557;5
87087120611;3
54952899541;9
41634776618;5
13902661362;6
81028697040;2
48222140622;7
74715714253;16
29840114463;22
25815138350;12
79084373831;4
92676556858;9
89012159942;11
95705175700;10
91415450055;1
95981799201;14
93852996372;15
20026759095;11
78803001010;13
79359554021;6
52092275884;8
67163391378;6
49000813719;2
11875325524;9
76282760467;8
45603334947;5
34797406887;24
63558974163;1
46591456437;14
41612004899;11
38788165643;14
67087892318;1
84110658451;3
26634205117;8
71094114130;9
37928390597;8
51201394265;4
90215162542;1
93101115413;11
65817440117;8
83059984615;2
71440122880;5
93289292647;17
39890990623;15
75150825286;8
63256616847;7
15578404162;1
70842583884;9
30879134193;6
80806879728;6
67926352708;9
14524311021;3
89731089809;2
41569203993;5
56209339586;10
25621342554;9
59777341085;10
75819589453;2
57381668908;15
55071431852;10
63755704403;10
15306295519;7
29357591097;10
57192331988;5
30786915571;18
72319074514;4
97381055277;2
15944661735;7
35222505247;7
33461296524;6
46883587300;10
48740826778;6
31253287247;3
34920350060;10
23027216827;10
23532961324;2
87392569104;2
27167430699;4
90642527667;9
70792450575;11
21654397536;8
82207130967;5
41942949482;3
31044127787;16
21763454598;10
92435563281;20
89104943839;2
90515177865;20
79542935371;7
13448164755;13
32297089263;14
80392555366;7
29292432607;7
81411223549;3
79640643523;19
95873155412;9
90982101793;10
65891961203;6
66299576431;20
63933610851;7
39783150523;14
47549962000;17
43517876517;7
99585039007;16
36132349861;3
63830456152;10
36793581119;3
29823729018;6
14094543878;15
23548677744;8
55379137745;14
17855291823;11
76404240095;4
78719824879;5
55135677948;19
87093333705;1
72936174607;6
35924614560;1
12257031498;12
30736947366;17
81459236963;18
61602798685;13
62795691619;10
67506423823;20
93349318701;6
70658161747;10
94271532765;29
54348237976;9
54817945914;4
98753303387;5
37852174865;5
68945636735;8
72333409309;7
98036274794;12
89150184772;12
63087155879;4
29893947240;14
87627279044;2
40855792194;8
13440173293;4
31423370962;14
38214890044;4
72473249649;8
54817945914;4
83150787987;3
67551068222;1
87747568436;9
71544053128;6
93507270895;9
66385382456;7
96761838117;8
70202078295;1
13533788011;6
12310494172;11
91242467618;6
83186730870;6
45437597879;4
38082779640;4
80245157757;9
62195946564;23
38642289825;18
61118519017;8
53450431498;2
21244671225;6
25396258264;10
54578295291;12
74760474343;2
39818046793;12
19260291761;16
54480970586;10
31413014106;2
59924053539;3
12883697596;1
97793949242;23
42514106774;18
30761456371;10
61709752548;7
20958134403;26
55957229773;10
71675493717;4
23131690625;5
10559100192;11
56184643286;10
83653189686;8
17682186596;5
13533788011;6
11161746355;17
33663375310;9
86534590870;12
73945053988;7
25875554632;6
58158327823;9
45307918904;5
96234621331;13
60538555804;9
55185030731;14
79321289092;10
55549049886;7
95764365674;5
86901283154;17
82165061002;30
65402370748;9
47102905090;21
10969942873;3
24453207256;9
19381330532;17
98575267277;3
56209339586;10
56965590366;10
24025192621;11
76251885407;7
62667597277;10
27392294209;9
64678138659;12
49159580430;9
43468192295;18
31486560977;8
29860371028;8
84982441856;17
50907380825;1
81440396777;2
67240642031;10
13951081366;5
69550238948;13
84051009544;5
97793949242;23
18707082555;2
86658314539;4
91877407410;5
36743230208;1
49674713623;8
90548682235;11
99907623003;5
49076289687;7
14446286588;5
47683502887;6
72505855049;9
18305618710;4
79925167643;9
33647290942;1
42738557824;6
44323068602;17
47578927052;13
57796856755;12
26041791450;1
76578201816;12
85211223386;10
85000524611;8
15296684790;7
22282313958;10
16113608620;14
56132784202;2
63732679112;9
30619720195;10
55773087705;4
96971017058;13
30026387005;18
56772837030;10
36850819922;1
86217439298;12
18353974405;10
87630741314;9
88748584952;26
20735608964;12
62554125237;4
90133621027;10
50371843390;7
31523689940;15
90259849907;3
79886878677;13
19479994571;7
13234621349;16
92841964511;5
25580731731;10
39025783882;9
61400351850;1
37691314500;10
46918787648;22
66709262681;13
25099991488;10
15951953603;7
41624334675;18
49414418271;1
44860574481;10
31413143159;5
52979731659;6
48287588258;2
80496383272;9
78497829863;20
85769817969;8
46413744347;16
37110918565;6
73837022687;16
69695024727;12
78284966838;17
32190573207;13
96071904557;7
29879409221;5
70615669344;8
75428863929;8
32310655713;12
77709863853;5
99334586047;6
95184017128;8
66895126883;2
54620256925;16
76627162662;2
23846748151;5
18234648469;4
23609657808;13
30629982945;9
76121838777;10
26792584531;3
43342168324;10
22990109407;8
82586339667;23
24887087250;3
45198770362;9
48138570006;6
86880760801;8
52387504758;6
51588480066;9
33209497866;6
91877407410;5
22158804501;7
66890962558;6
91654183069;5
63942778515;9
40142446362;8
45714615668;2
92463841163;7
10742953637;14
21549913438;13
61483555699;7
86996022674;14
27309094620;4
85748221035;5
17809739229;4
89677524201;7
31001846877;11
48978580140;9
78667719445;11
23917197295;8
99724403597;2
18215738779;9
77849053647;10
78614256998;13
14290632134;19
90300764763;10
21334058684;6
64218808820;8
89896639106;20
74701148918;15
26217504808;5
75643798325;7
13449847651;9
93452723762;8
54672860973;5
49412945867;9
35101587866;6
66229044611;8
43677795922;5
40531389472;1
11878826863;3
26016276789;19
25324593753;7
55957229773;10
30144066124;1
73601730601;4
89896639106;20
60548941602;5
14458104125;14
93990829799;7
67510845116;9
35912668021;3
76486312023;3
49674713623;8
42040211165;8
31523689940;15
12696468365;8
80156763665;9
50461530752;17
31246272813;9
95423894904;9
40125932025;12
76349951413;11
54002504612;4
52461038553;7
15892725657;21
70394026177;5
27777019788;20
50571695017;31
60128435204;2
64476414572;1
53975320816;8
22385455109;3
76137339069;12
20958134403;26
53423261759;2
37685607162;5
54765976861;9
59807485608;22
23720336072;6
41553793421;10
24270471276;11
56045649546;10
32895039021;7
16997944397;6
72403068659;10
43443969779;4
98735779683;2
56347453879;10
84586954053;7
16252896159;16
81914898861;9
41473512793;5
88298836983;2
21649274457;17
83422208069;4
82890410058;9
29584627921;5
70315737903;13
63244662535;11
38108685548;17
13771516991;2
64020557075;7
27872399016;18
23744257200;2
31982625826;3
15359543588;5
31799135017;18
45264294352;9
29823729018;6
28714028523;14
68306516518;9
77880582543;10
58327966399;14
33018147815;7
68710647224;2
19340115586;20
10336056215;3
72972407069;6
43891324006;2
22710047562;12
40795655436;13
80569138598;17
81757843023;15
91610089746;13
17887372317;14
63942778515;9
44754039950;2
81421477745;5
35091379128;10
17887372317;14
17056974996;4
22703857243;10
44545029911;5
13592910877;8
76289069585;10
79148343988;2
99938607106;8
25706703691;9
77299943897;8
28714028523;14
85015970200;16
21458399392;6
39139443103;7
68486748335;10
58614288265;15
35582741384;7
75380291734;5
90530328146;6
61916595065;1
36085669640;9
76294367120;4
99898513493;1
58502862470;11
19026149002;4
35907347136;4
96628146788;4
72872849929;3
10950496115;1
10538551114;10
10313745722;4
95584132322;7
16625447517;1
42979324166;5
29542962668;3
21703945801;16
86239751664;3
54047356252;8
57383101998;4
82370176308;3
99585039007;16
23032790051;8
26030598683;8
42387707597;1
90220916130;3
73674216737;1
93079881190;2
47349166709;9
75048721384;22
15653528864;3
40627817029;20
29513857657;1
97657223947;12
22967205358;24
48802092509;5
28684550119;16
39569827068;10
51909686583;8
73740007066;10
99792191527;2
48073239921;14
96116126744;4
88827170650;11
38787836683;3
95657353286;7
82028341652;4
86534590870;12
34797406887;24
95329362678;2
42657921933;1
36328115986;3
41186427984;9
79551261002;10
47480327055;26
33017613617;10
51091175677;9
96799088147;14
73065828804;4
67898569896;10
71602200814;4
82621395568;12
29666476589;9
85122486528;18
33324728785;8
56697312432;3
65507940426;10
95137419154;17
96981400445;12
45394130689;21
71094114130;9
55104629126;7
86239751664;3
55036049717;7
83383717881;14
58378355000;7
31122397265;14
19380825759;2
65590854235;5
62517787181;15
93705000134;9
35898941231;21
29672050562;12
29156276090;19
81247932141;4
46319600457;10
43085438410;1
22827252225;1
25335243349;11
39154335819;1
39085058999;2
34058067002;7
81650039176;8
80997403070;6
37167327442;24
46152015816;12
41695336166;18
59438114349;7
71243129896;8
29595262232;3
77339866314;13
73508272700;7
19997642728;1
38776615301;1
23404721461;18
83502381580;8
33303444010;5
37997369338;7
58147453254;12
17697497490;6
22785485283;17
30800654408;10
20478561861;16
12948139227;7
30254173745;1
84940499231;4
66394463055;7
83383717881;14
84732859656;8
35111190130;24
77440159392;8
77835580846;9
93421294987;6
91268490917;2
76068993280;4
44829180381;3
87967973294;2
17855291823;11
30217940344;5
39764131787;3
20027788119;17
86901283154;17
51526611579;3
46237780323;6
75266463741;11
53559332561;7
41115858990;10
52877917467;4
71146254202;18
55761943995;6
54620256925;16
94978749867;10
34974155472;7
22005380173;10
74509557286;6
53696912858;10
95381231474;4
67795095132;10
39025783882;9
62145385449;4
40692258207;17
93709250563;2
23404721461;18
27324471047;7
38903147092;9
74493784005;13
72984000819;8
96151403064;14
13448164755;13
59311127883;17
77809757825;6
86963726215;13
43491377153;9
43970141754;2
26344147015;4
91393570417;4
18376409843;2
75547749688;11
75547749688;11
48543740989;11
12391123829;7
27212227292;8
34226084802;16
34429555986;3
62249205488;2
53581523743;6
75252614479;6
76633306091;12
17470466418;8
20131006044;2
25335243349;11
37963055267;1
70147487276;7
25820931131;16
53063812101;10
47788734663;4
89950807976;18
29844643351;9
31894492753;13
75857721844;6
73199138979;5
94874652615;18
51462237858;9
42476262226;2
13494263296;4
16777592696;2
95838976427;3
52911322221;1
32497847096;6
68479654309;18
18616379361;10
35111190130;24
87327949930;18
88168839895;2
28867188305;4
15951953603;7
91449769785;6
94738328611;5
55506514831;6
74701148918;15
53940516112;2
35416680734;6
22710047562;12
35690930497;6
28795011192;11
75509766394;10
57385964102;5
91654183069;5
93472012257;1
85589322648;6
87261722050;4
54985249964;3
89838028921;23
21447530806;5
66545921160;24
58270280850;27
85685997558;6
96966072886;14
20287487705;3
10206431360;9
74924153753;10
64459812621;9
12132055878;10
59229966303;7
73263044395;12
62199096831;7
59498610446;1
38577230264;5
18772843788;21
33426605545;8
61016752212;4
94617278059;12
31401592563;6
18816557539;8
98952562576;5
78062327899;6
35354146284;7
67401904576;5
64737953316;9
55135677948;19
54521074888;1
76018605257;27
82488027810;6
72069748403;8
70731070665;20
15885569420;12
56184643286;10
75162874147;10
34149857942;9
40413447876;13
96393288895;4
56522850641;7
43878129036;7
41494489517;3
69695024727;12
34690589994;7
44697325748;4
28175859414;13
66923403837;1
86942431512;3
83957873658;5
41744577765;10
70988037192;7
50011533000;5
35220310002;5
31682551025;6
19224163318;9
67654558895;5
50634314267;20
83106267751;7
93704454779;3
97324167489;1
37088750018;5
55891885906;6
37582785160;6
62415289978;10
96557460972;5
64679148569;2
16503931389;4
61350670350;6
17996610664;11
21544730236;4
81034332302;9
28291563968;8
81850047975;10
40190320414;7
67465214161;10
50376759926;10
34313062309;10
60080057130;3
66849970303;1
34515688215;5
39212332634;3
84974051728;16
63362710500;2
75074190972;5
93852996372;15
17518780598;3
73530019231;13
92222103901;27
63305837976;4
38067242515;8
60056240211;7
49269317040;9
33862726050;17
11363943523;3
16122266006;8
40395362508;10
39936257500;7
82165061002;30
97381055277;2
83125340853;11
67668024417;6
92676556858;9
49476752138;7
10767220497;13
92674806807;17
73784660291;8
93970728278;19
46009249586;15
62122580699;5
20178639561;8
63872222286;8
23561545979;5
72617193059;9
29860395943;10
40379412115;15
49501773051;15
14523563214;5
94188174645;7
41949034421;1
57496031303;3
57517928757;3
72927652993;8
41654511823;8
87334878136;12
68501951509;23
48073239921;14
30142955387;9
80750489882;2
12120382571;3
87106228887;3
23573200216;8
95978163941;6
19813017245;10
25495823841;9
75048721384;22
92542075554;5
45281718022;20
50747957942;9
56047633962;7
55703811619;2
85367879711;7
47349166709;9
95419992092;10
69996163582;10
27758977572;9
21668158360;4
35892359325;7
79939842109;2
72995654043;5
18059608461;17
40219479195;2
79730431505;1
37167327442;24
68501951509;23
35432088689;5
80914608073;6
53594688531;16
14165856426;11
47399111001;10
74715714253;16
47240766423;8
83922377242;15
55968607427;8
16889685780;2
61286526628;6
88165631863;7
35824297369;1
77531270453;8
71794680657;2
59242133013;4
41392173486;10
65914827700;5
42679766458;10
50171050854;9
19646884189;4
61357154022;9
62891731987;11
89160243329;2
66338035006;17
67316500891;18
11683662886;10
67984973068;7
23030062238;12
35305285832;5
94143522498;22
16404856308;3
41200859889;10
76655414934;13
21933417290;10
17880804650;18
12509737006;6
95297137839;1
88675911316;8
98963023019;15
81997728972;2
50318881085;5
43685981359;5
68662192879;9
54429730960;6
22454677038;8
10379764465;1
74539143645;2
80019064150;9
13820901593;5
33549434702;2
30786915571;18
69484336783;4
21321456847;8
94954223758;4
89950807976;18
57683088415;12
23156847273;3
15146130274;5
61141629347;7
78191486772;14
45850191570;6
44069587100;12
18693297796;2
16480816277;6
76101213827;7
44977821727;8
58128671318;6
98315975343;7
38808545295;3
31802868338;8
73503364728;18
52318678663;7
89102542199;7
22069382537;17
99907095004;10
79327597570;5
34963470820;1
16295504585;2
87334878136;12
86280047314;1
86996022674;14
91433001332;17
11241098527;17
66450864998;9
72741175650;1
68364636987;6
47022229671;6
19418693909;10
47510972565;2
33180540577;3
68137531815;8
30781778474;6
59174668433;11
10675154104;3
46516646073;9
91949759010;8
79737488279;9
39656518698;1
70052863837;5
87685753919;9
30869848608;4
54312043358;10
20888758742;5
89102542199;7
56511329081;8
59920279798;3
74854925356;11
13099544288;1
33862726050;17
56695207409;17
20311689747;14
76819969433;5
13913694855;9
70120632307;4
99803325827;5
97387812670;5
16222350276;3
38581342421;8
41431124319;19
64410955056;14
76763137829;7
59320044274;1
74389536842;10
51876349480;14
21549913438;13
71845377109;4
85326782339;12
66700945086;8
11289492020;7
73390340591;8
12319620083;11
50669886592;1
99515681317;7
41115858990;10
59636030891;14
41658635726;1
38871785849;3
13579750909;13
67803868715;5
23898132192;2
17567060895;10
39873391754;4
51345071359;13
86147522582;7
62610920838;2
83217028054;9
27324182833;3
74511756964;10
29840114463;22
28167851228;13
89219557738;8
62440802302;10
79384689361;2
75833133505;19
80578007902;6
92355784523;11
32111073573;17
67105345985;4
42937479548;3
36415034519;9
97920395384;13
38334777459;18
29299500777;2
37280071779;10
47591205780;20
24629406037;21
61888437130;3
43587586656;5
40203695972;3
64771286845;6
96651523711;9
45321917924;6
91611749947;1
62668434556;5
68740664199;2
99978615463;1
36801649798;6
40692258207;17
94738328611;5
12820640279;16
38944504546;6
91942855328;6
12754764482;9
70245480722;3
64798248777;14
42557682272;7
78614256998;13
28449962512;8
51624120614;1
15789283166;10
75527673163;6
20958134403;26
92072758142;13
47436833458;1
68479654309;18
85783493720;9
43017002279;4
65220396742;14
35898941231;21
24733232052;17
23353461953;14
92793400917;9
73534650269;8
44522067210;10
30571882562;12
56350099830;18
60351609870;5
72575190027;1
77879585586;9
95192911460;12
96110965899;10
25954847815;2
28897144639;8
90120981839;4
74677303765;8
59519289170;5
37866890695;5
71605473698;17
52559816977;16
55434282369;3
12266782176;3
34600974745;7
37630940303;5
10427238549;1
19812365406;9
39400863816;16
82529736984;9
36230006701;3
73127416698;5
14896166775;6
57917127122;15
43366242766;11
31122382934;1
64328419710;9
84544401525;16
27584090141;7
18358795087;5
69373462339;7
77960562314;9
79656987664;2
84327728085;2
44186607921;10
18816557539;8
11540975566;9
82799848895;4
92958651655;10
62546827400;6
80099708932;4
20115293689;1
75494123492;10
65861467875;4
22672028130;9
94020060391;5
85015970200;16
28244193461;13
75418423943;10
45452424397;6
93516447800;1
35608455430;6
25550243753;6
13370206181;8
84531714771;16
62677253985;3
15241653619;11
49711314727;12
70679534601;9
73750572943;1
74635783893;4
29541612005;3
65198104388;17
95137419154;17
87967973294;2
46869358634;10
45063799415;7
78803001010;13
92609189560;7
93442306699;6
76379863035;2
45118850790;2
55049607402;3
65954395374;11
57061853038;3
75120572101;14
12857681180;6
87918536450;9
63924768214;1
27199054816;5
65472328925;10
27829417310;10
83218295625;5
75961682440;3
39950674033;12
32437541046;6
49498555965;16
95591302050;1
57447856594;10
89911593081;3
80238297532;6
50165901843;17
65100597884;3
63382803416;2
41186427984;9
59559555113;6
70704895197;4
85146328147;2
53906661433;10
52130636094;4
50571695017;31
21000418071;4
76357204715;1
30909003250;2
28865497271;11
17465684106;3
58173835522;9
23661230308;8
62782874612;6
90794857380;25
54381729450;5
55185030731;14
56762324268;5
50747957942;9
48003482187;8
57415058776;15
35445465424;3
83021777922;8
40413447876;13
49769875884;7
78560936189;4
79800166488;8
58572942329;5
56680196658;1
37000031201;5
29840309625;9
68002628099;1
83906446309;10
92222103901;27
28291563968;8
77911226809;6
29599167124;2
39995773870;1
59476939187;1
96025464461;2
56762324268;5
56312605780;6
34202888476;10
12132055878;10
83170698939;3
11515069965;10
13975341569;4
79441388552;11
82165061002;30
18157965941;5
46918787648;22
91370081929;7
54719532841;1
20478561861;16
27506591149;5
83640781927;10
78160410569;26
34654981090;9
96017216890;7
87755927031;1
46417463138;17
41166351989;9
13102832400;13
78284966838;17
13335735868;7
24355169344;3
70138180706;2
73283142075;17
73064115078;1
61755279894;16
38720365589;3
49269317040;9
58632874407;20
91757794105;23
57381668908;15
27548540470;3
85437014339;1
57196535956;12
34881733730;10
14797807213;6
48168922869;13
91661434278;1
59480672128;5
44323068602;17
86394997684;14
22967205358;24
95347592259;8
13014616471;8
92366791804;10
93868087173;7
22155564480;5
77390032609;8
27392289275;7
84982441856;17
58791383292;9
80996557703;2
31661518074;11
84603833739;12
27047080806;12
11698850642;9
52737626031;9
18396894164;10
60436489444;3
76719548151;12
44679970374;3
81614113784;12
33933366375;5
57868430749;5
72663218680;8
19317857370;1
34060689956;9
78191486772;14
99910631971;7
62790853942;3
19209298663;2
63055850177;10
31849548792;5
49789243359;5
37090045945;6
93714562449;10
11806365154;16
92144938049;8
23477313511;2
36236506401;8
36651305667;1
54973820859;8
22962092284;19
99239212669;2
33778424594;1
43587586656;5
13861353004;9
93030827286;13
15413363225;17
92615137302;7
85632169275;15
82333102571;12
85212488407;13
53314553079;1
59924013530;20
66398672983;7
80835862053;5
76938893675;2
17103237747;1
25799370856;7
39293628375;7
86341951570;4
37804311271;9
52497738802;7
17775623990;10
59735307554;16
31092369780;7
65909318110;3
90570716299;12
34154162742;1
95078895242;5
91098919571;8
10486379767;10
75753488296;4
36482011207;5
49436345527;3
68303302736;19
73337596583;10
25820931131;16
70159583405;6
81509493184;7
49734726414;3
90035889490;14
13038835596;14
17460845254;5
63473878328;3
11495515405;2
20735608964;12
58130274043;12
65124526049;6
96930709767;9
29342092270;1
34797406887;24
37783874458;7
66790078293;19
96663813924;10
66994330136;10
39518733494;5
13958668330;8
27904986969;1
24533784170;18
49781950785;2
65958452344;14
83918377054;9
36830625846;5
34838375774;8
23811149466;7
26496614793;2
65414975871;7
26782928001;3
83295197420;2
24629406037;21
94891187327;22
79245647938;18
29893947240;14
68553935497;2
44862377832;6
76685302606;7
79808959364;3
29968857988;18
32111073573;17
78529792665;7
50960808437;11
63679666112;10
75863425517;6
84468237282;1
58878861493;9
46065846110;13
91616809853;18
65198104388;17
49802535993;2
33779563366;8
48417118723;3
76497328526;7
46009249586;15
26886842005;6
73273830581;5
87747568436;9
95053974402;7
88088296997;3
21151747264;10
71320627447;7
64678138659;12
79324722123;10
32475298689;9
61201029256;12
64940523598;7
63009101301;5
50018488588;1
78063083360;3
71437523547;10
96677603643;7
42061172403;6
46307191377;3
42665953268;3
44752687762;1
46051136489;3
68488832508;11
46152823279;8
55742603033;13
76018605257;27
29396037883;10
56225826380;4
47237047276;7
91757794105;23
54542307194;10
29860395943;10
80714109262;20
73197821987;4
30780950485;9
85181200623;10
32475298689;9
47394259343;5
51730475381;6
76719548151;12
80714109262;20
14905794880;4
84531714771;16
29386270731;9
18228892332;3
16317262050;7
52932428615;10
69287223189;10
89178797974;13
84282304631;6
69029015353;10
89968249947;12
34848363254;10
37297733439;12
70159583405;6
98037259289;24
73509348188;7
32098415340;2
28096371598;6
31497106131;13
93665620420;9
48971358942;14
31082667204;15
91601336496;13
40902599161;5
64452551163;13
33781936809;5
96409835232;13
21316838445;8
69871096344;5
66182380449;13
68089446746;6
63568712554;3
70315737903;13
75474562188;1
63557045493;12
15607531417;2
43975817245;1
42696393858;4
26908591233;17
17243128604;4
27300245189;18
93362434279;9
29284882438;13
48917666264;9
10564180909;10
80420784150;9
22695105396;9
31638805065;6
61691683133;5
23661230308;8
45154461269;8
64436838423;2
18165115171;4
86030876012;9
12319620083;11
45251301153;10
75017702217;6
24342442830;6
58056672136;9
78427673920;2
80654918887;6
31463421163;6
96419779214;4
16118379146;4
96514360223;13
11281780186;2
76311457110;8
87000446149;7
77261173687;8
48565704556;7
42767132762;10
96338869431;10
48065771481;5
71157427036;3
75574203497;5
23811149466;7
15050619056;15
21682934403;10
57042756299;10
67889712417;6
30886008628;10
32815928430;17
34049968552;8
28957183797;9
90657989463;7
93820576297;3
31523689940;15
19431937228;9
90570716299;12
73503364728;18
98473408500;2
73036429454;8
67780099729;7
50433537571;8
31850047425;4
80997403070;6
61698614898;2
52110669143;28
17247455802;1
46821686565;16
57340173080;11
76397940448;1
99803961552;10
48139997022;2
53594688531;16
34523855791;5
44139904450;10
53983908039;1
92318660142;5
37596096644;3
23154816745;8
92072758142;13
15311282623;9
71131395632;10
82123716564;5
96981400445;12
88145406696;5
48641230411;5
92313908410;14
92024961042;5
64749265804;8
84491974328;7
58954974692;8
34774857531;11
98069559643;17
32240279745;4
62224207569;5
80238297532;6
13716653535;7
27866941596;11
66443762439;1
36433294045;11
58614288265;15
25285410405;15
63401899360;7
93092343176;9
46417463138;17
97702727213;2
94891187327;22
82111728224;13
34950675493;8
22589992947;7
94019033556;2
76973754155;8
50224820273;2
54276374645;1
70052863837;5
36992496329;1
42140077771;1
77185597303;7
39437827769;4
41737852346;2
74063085987;5
67182645863;8
19063684592;3
63983199570;10
81356690046;7
46822505805;1
33517626192;8
10591847069;18
24714779076;18
30358121737;5
71090955380;2
68522763905;2
47696308713;5
67240642031;10
21802042736;1
41822190741;5
89226086215;9
66338035006;17
83375049103;17
71193673814;6
57520298534;7
41540620740;5
43626939870;2
46011649573;11
85858273394;8
34074292632;9
16398510869;9
36212400317;9
78230612751;21
94219463520;6
12249201413;6
71412546529;7
30033483575;10
48036117990;5
59515591590;7
34053990810;4
67533867068;2
27198912222;2
58974453010;4
59357324108;1
30435784176;5
10319976634;10
20311689747;14
47830542257;9
46495558766;5
62453509292;7
31784054838;9
96622197949;2
86015722108;19
65766881594;24
66218224606;4
53829766071;2
50093722757;14
85607915091;5
31801694041;2
24679506867;9
92854845222;2
21624837123;7
15892725657;21
86534590870;12
93887130056;6
55885454098;3
14638425546;3
10564180909;10
60652651467;9
81125507194;9
42375905799;9
24597692909;4
15685492348;15
73857734751;14
13198907362;5
52171180151;2
86996022674;14
77545379741;7
93647147036;6
45041513150;4
43758912573;7
22130808396;8
33808360069;11
50324891594;8
10716513231;18
15755798595;12
17654362016;8
54978254992;5
18152207665;1
17679903489;11
83871149807;3
44991754816;11
47476083100;3
48741173513;7
56183885343;4
47591205780;20
99099123645;7
84564017552;11
97201847607;5
51588480066;9
58521682342;11
13990831340;1
98943767259;7
37589970811;18
51910412005;9
71482408298;5
55813270841;4
82440159092;10
15519301655;11
90268511706;9
24814569961;10
62357359461;10
26569535959;4
75518269709;2
58358049401;3
78209527148;2
84191688980;6
13256640561;10
82229491821;11
27316323545;6
69063103129;15
40563085708;9
27833650262;2
24004437023;10
28510113487;11
84084496590;10
90548682235;11
11444182109;9
15757741048;5
15685492348;15
84812921534;7
73837022687;16
74701148918;15
31508004277;10
41946722443;1
98865103858;5
80414461129;8
35334244687;1
79501984751;7
94271532765;29
98366771319;9
71069920672;12
73936320102;2
59432225230;10
45680882529;9
33156510241;14
76001782222;3
77533440801;16
21472563178;7
21759562081;12
95629716297;30
86305628460;10
73948099243;2
26016276789;19
92829870597;5
50845470462;8
99272505087;4
81614113784;12
20735608964;12
47683502887;6
77250784631;10
18906629569;2
90153074462;1
24533784170;18
77339866314;13
88603248511;1
43030441588;17
19125875857;8
47788296059;9
49293191392;15
42249912741;10
96980965178;4
46516646073;9
61939468630;5
23232257366;1
71544053128;6
60761177851;10
99067136431;4
32861366439;5
57781434887;6
62195946564;23
20829536198;5
24537547683;7
21763742111;10
15482309116;7
36414675612;2
20540147096;10
84082643073;6
62891731987;11
92829870597;5
38642289825;18
47937197815;1
47020677252;2
62891731987;11
47745468363;6
13901613395;4
70578268949;14
16035604490;17
97370744536;8
92011338424;6
18125345322;5
13282189962;10
23509417161;6
63573101545;10
33674047497;9
71845377109;4
64798248777;14
40125932025;12
34364570784;3
73558185471;3
83980939210;2
85773934867;7
82897485163;19
12609990413;8
64612019841;5
11176671679;12
15149167700;8
22353987393;8
59056940354;8
50746595739;5
31082667204;15
49682217278;4
16212928557;10
56686922709;13
67923560054;7
95007155832;9
10711387679;4
34474852943;5
13499407831;9
48905100168;1
44076105762;8
18639076730;10
71293693238;7
64658863509;7
76520555740;7
93954754309;8
76736916463;5
49118315244;23
68089446746;6
96332467525;10
46075276773;8
49253040832;1
53724364166;2
73503364728;18
79084325476;1
97633717533;8
55809490927;6
73568070994;13
88293727338;21
31632556546;7
95974506685;7
80496383272;9
45981752627;4
31610161331;18
75026701064;4
86880760801;8
12876524902;4
49454522208;10
43036097053;6
24490961055;9
19782098731;7
47102905090;21
68388963757;4
96342616073;11
37220459877;10
35814083386;6
15169174426;13
53063812101;10
21829691873;6
45860301646;1
